# Created by Octave 8.2.0, Wed Nov 22 20:54:00 2023 GMT <unknown@Computador>
# name: dados
# type: cell
# rows: 1
# columns: 237
# name: <cell-element>
# type: scalar struct
# ndims: 2
 1 1
# length: 2
# name: Data
# type: sq_string
# elements: 1
# length: 7
01/2004


# name: Valor
# type: scalar
26978358.020000007





# name: <cell-element>
# type: scalar struct
# ndims: 2
 1 1
# length: 2
# name: Data
# type: sq_string
# elements: 1
# length: 7
02/2004


# name: Valor
# type: scalar
26508170.77





# name: <cell-element>
# type: scalar struct
# ndims: 2
 1 1
# length: 2
# name: Data
# type: sq_string
# elements: 1
# length: 7
03/2004


# name: Valor
# type: scalar
27284329.409999996





# name: <cell-element>
# type: scalar struct
# ndims: 2
 1 1
# length: 2
# name: Data
# type: sq_string
# elements: 1
# length: 7
04/2004


# name: Valor
# type: scalar
28046182.351





# name: <cell-element>
# type: scalar struct
# ndims: 2
 1 1
# length: 2
# name: Data
# type: sq_string
# elements: 1
# length: 7
05/2004


# name: Valor
# type: scalar
27244506.479999993





# name: <cell-element>
# type: scalar struct
# ndims: 2
 1 1
# length: 2
# name: Data
# type: sq_string
# elements: 1
# length: 7
06/2004


# name: Valor
# type: scalar
27082961.479999997





# name: <cell-element>
# type: scalar struct
# ndims: 2
 1 1
# length: 2
# name: Data
# type: sq_string
# elements: 1
# length: 7
07/2004


# name: Valor
# type: scalar
27346004.670000002





# name: <cell-element>
# type: scalar struct
# ndims: 2
 1 1
# length: 2
# name: Data
# type: sq_string
# elements: 1
# length: 7
08/2004


# name: Valor
# type: scalar
27656857.789999995





# name: <cell-element>
# type: scalar struct
# ndims: 2
 1 1
# length: 2
# name: Data
# type: sq_string
# elements: 1
# length: 7
09/2004


# name: Valor
# type: scalar
28232451.24000001





# name: <cell-element>
# type: scalar struct
# ndims: 2
 1 1
# length: 2
# name: Data
# type: sq_string
# elements: 1
# length: 7
10/2004


# name: Valor
# type: scalar
28556120.939999994





# name: <cell-element>
# type: scalar struct
# ndims: 2
 1 1
# length: 2
# name: Data
# type: sq_string
# elements: 1
# length: 7
11/2004


# name: Valor
# type: scalar
28367124.049999993





# name: <cell-element>
# type: scalar struct
# ndims: 2
 1 1
# length: 2
# name: Data
# type: sq_string
# elements: 1
# length: 7
12/2004


# name: Valor
# type: scalar
28562106.43





# name: <cell-element>
# type: scalar struct
# ndims: 2
 1 1
# length: 2
# name: Data
# type: sq_string
# elements: 1
# length: 7
01/2005


# name: Valor
# type: scalar
28375437.441





# name: <cell-element>
# type: scalar struct
# ndims: 2
 1 1
# length: 2
# name: Data
# type: sq_string
# elements: 1
# length: 7
02/2005


# name: Valor
# type: scalar
27838480.970000003





# name: <cell-element>
# type: scalar struct
# ndims: 2
 1 1
# length: 2
# name: Data
# type: sq_string
# elements: 1
# length: 7
03/2005


# name: Valor
# type: scalar
28598631.508999996





# name: <cell-element>
# type: scalar struct
# ndims: 2
 1 1
# length: 2
# name: Data
# type: sq_string
# elements: 1
# length: 7
04/2005


# name: Valor
# type: scalar
29355501.910000008





# name: <cell-element>
# type: scalar struct
# ndims: 2
 1 1
# length: 2
# name: Data
# type: sq_string
# elements: 1
# length: 7
05/2005


# name: Valor
# type: scalar
28482150.609999996





# name: <cell-element>
# type: scalar struct
# ndims: 2
 1 1
# length: 2
# name: Data
# type: sq_string
# elements: 1
# length: 7
06/2005


# name: Valor
# type: scalar
28326181.920000013





# name: <cell-element>
# type: scalar struct
# ndims: 2
 1 1
# length: 2
# name: Data
# type: sq_string
# elements: 1
# length: 7
07/2005


# name: Valor
# type: scalar
28322317.11999999





# name: <cell-element>
# type: scalar struct
# ndims: 2
 1 1
# length: 2
# name: Data
# type: sq_string
# elements: 1
# length: 7
08/2005


# name: Valor
# type: scalar
28764354.809000008





# name: <cell-element>
# type: scalar struct
# ndims: 2
 1 1
# length: 2
# name: Data
# type: sq_string
# elements: 1
# length: 7
09/2005


# name: Valor
# type: scalar
29335128.080000013





# name: <cell-element>
# type: scalar struct
# ndims: 2
 1 1
# length: 2
# name: Data
# type: sq_string
# elements: 1
# length: 7
10/2005


# name: Valor
# type: scalar
29145312.050000008





# name: <cell-element>
# type: scalar struct
# ndims: 2
 1 1
# length: 2
# name: Data
# type: sq_string
# elements: 1
# length: 7
11/2005


# name: Valor
# type: scalar
29287617.219999995





# name: <cell-element>
# type: scalar struct
# ndims: 2
 1 1
# length: 2
# name: Data
# type: sq_string
# elements: 1
# length: 7
12/2005


# name: Valor
# type: scalar
29505146.070000004





# name: <cell-element>
# type: scalar struct
# ndims: 2
 1 1
# length: 2
# name: Data
# type: sq_string
# elements: 1
# length: 7
01/2006


# name: Valor
# type: scalar
28880910.620000001





# name: <cell-element>
# type: scalar struct
# ndims: 2
 1 1
# length: 2
# name: Data
# type: sq_string
# elements: 1
# length: 7
02/2006


# name: Valor
# type: scalar
29383486.499999993





# name: <cell-element>
# type: scalar struct
# ndims: 2
 1 1
# length: 2
# name: Data
# type: sq_string
# elements: 1
# length: 7
03/2006


# name: Valor
# type: scalar
29897827.73





# name: <cell-element>
# type: scalar struct
# ndims: 2
 1 1
# length: 2
# name: Data
# type: sq_string
# elements: 1
# length: 7
04/2006


# name: Valor
# type: scalar
29887953.009999998





# name: <cell-element>
# type: scalar struct
# ndims: 2
 1 1
# length: 2
# name: Data
# type: sq_string
# elements: 1
# length: 7
05/2006


# name: Valor
# type: scalar
28925038.559999995





# name: <cell-element>
# type: scalar struct
# ndims: 2
 1 1
# length: 2
# name: Data
# type: sq_string
# elements: 1
# length: 7
06/2006


# name: Valor
# type: scalar
29068797.599999994





# name: <cell-element>
# type: scalar struct
# ndims: 2
 1 1
# length: 2
# name: Data
# type: sq_string
# elements: 1
# length: 7
07/2006


# name: Valor
# type: scalar
29113809.229999993





# name: <cell-element>
# type: scalar struct
# ndims: 2
 1 1
# length: 2
# name: Data
# type: sq_string
# elements: 1
# length: 7
08/2006


# name: Valor
# type: scalar
29886236.059999999





# name: <cell-element>
# type: scalar struct
# ndims: 2
 1 1
# length: 2
# name: Data
# type: sq_string
# elements: 1
# length: 7
09/2006


# name: Valor
# type: scalar
29916630.539000008





# name: <cell-element>
# type: scalar struct
# ndims: 2
 1 1
# length: 2
# name: Data
# type: sq_string
# elements: 1
# length: 7
10/2006


# name: Valor
# type: scalar
30143525.320000004





# name: <cell-element>
# type: scalar struct
# ndims: 2
 1 1
# length: 2
# name: Data
# type: sq_string
# elements: 1
# length: 7
11/2006


# name: Valor
# type: scalar
30531121.359999992





# name: <cell-element>
# type: scalar struct
# ndims: 2
 1 1
# length: 2
# name: Data
# type: sq_string
# elements: 1
# length: 7
12/2006


# name: Valor
# type: scalar
30493979.030000009





# name: <cell-element>
# type: scalar struct
# ndims: 2
 1 1
# length: 2
# name: Data
# type: sq_string
# elements: 1
# length: 7
01/2007


# name: Valor
# type: scalar
30699704





# name: <cell-element>
# type: scalar struct
# ndims: 2
 1 1
# length: 2
# name: Data
# type: sq_string
# elements: 1
# length: 7
02/2007


# name: Valor
# type: scalar
30324669





# name: <cell-element>
# type: scalar struct
# ndims: 2
 1 1
# length: 2
# name: Data
# type: sq_string
# elements: 1
# length: 7
03/2007


# name: Valor
# type: scalar
31312900





# name: <cell-element>
# type: scalar struct
# ndims: 2
 1 1
# length: 2
# name: Data
# type: sq_string
# elements: 1
# length: 7
04/2007


# name: Valor
# type: scalar
32030744





# name: <cell-element>
# type: scalar struct
# ndims: 2
 1 1
# length: 2
# name: Data
# type: sq_string
# elements: 1
# length: 7
05/2007


# name: Valor
# type: scalar
31382917





